# mmed gq
2000.0	0.543143143143
2010.0	0.539339339339
2020.0	0.535535535536
2030.0	0.52982982983
2040.0	0.526026026026
2050.0	0.522222222222
2060.0	0.518418418418
2070.0	0.512712712713
2080.0	0.508908908909
2090.0	0.505105105105
2100.0	0.501301301301
2110.0	0.495595595596
2120.0	0.491791791792
2130.0	0.487987987988
2140.0	0.484184184184
2150.0	0.48038038038
2160.0	0.474674674675
2170.0	0.470870870871
2180.0	0.467067067067
2190.0	0.463263263263
2200.0	0.457557557558
2210.0	0.453753753754
2220.0	0.44994994995
2230.0	0.446146146146
2240.0	0.44044044044
2250.0	0.436636636637
2260.0	0.432832832833
2270.0	0.427127127127
2280.0	0.423323323323
2290.0	0.417617617618
2300.0	0.413813813814
2310.0	0.408108108108
2320.0	0.404304304304
2330.0	0.398598598599
2340.0	0.392892892893
2350.0	0.389089089089
2360.0	0.383383383383
2370.0	0.37957957958
2380.0	0.373873873874
2390.0	0.37007007007
2400.0	0.364364364364
2410.0	0.360560560561
2420.0	0.354854854855
2430.0	0.351051051051
2440.0	0.345345345345
2450.0	0.341541541542
2460.0	0.335835835836
2470.0	0.332032032032
2480.0	0.326326326326
2490.0	0.322522522523
2500.0	0.316816816817
2510.0	0.316816816817
2520.0	0.318718718719
2530.0	0.318718718719
2540.0	0.318718718719
2550.0	0.318718718719
2560.0	0.318718718719
2570.0	0.320620620621
2580.0	0.320620620621
2590.0	0.320620620621
2600.0	0.320620620621
2610.0	0.322522522523
2620.0	0.322522522523
2630.0	0.322522522523
2640.0	0.322522522523
2650.0	0.324424424424
2660.0	0.324424424424
2670.0	0.324424424424
2680.0	0.324424424424
2690.0	0.326326326326
2700.0	0.326326326326
2710.0	0.326326326326
2720.0	0.326326326326
2730.0	0.328228228228
2740.0	0.328228228228
2750.0	0.328228228228
2760.0	0.328228228228
2770.0	0.33013013013
2780.0	0.33013013013
2790.0	0.33013013013
2800.0	0.33013013013
2810.0	0.33013013013
2820.0	0.332032032032
2830.0	0.332032032032
2840.0	0.332032032032
2850.0	0.332032032032
2860.0	0.333933933934
2870.0	0.333933933934
2880.0	0.333933933934
2890.0	0.333933933934
2900.0	0.335835835836
2910.0	0.335835835836
2920.0	0.335835835836
2930.0	0.335835835836
2940.0	0.337737737738
2950.0	0.337737737738
2960.0	0.337737737738
2970.0	0.337737737738
2980.0	0.33963963964
2990.0	0.33963963964
3000.0	0.33963963964
3010.0	0.337737737738
3020.0	0.335835835836
3030.0	0.333933933934
3040.0	0.332032032032
3050.0	0.332032032032
3060.0	0.33013013013
3070.0	0.328228228228
3080.0	0.326326326326
3090.0	0.324424424424
3100.0	0.322522522523
3110.0	0.320620620621
3120.0	0.318718718719
3130.0	0.316816816817
3140.0	0.314914914915
3150.0	0.313013013013
3160.0	0.313013013013
3170.0	0.311111111111
3180.0	0.309209209209
3190.0	0.307307307307
3200.0	0.305405405405
3210.0	0.303503503504
3220.0	0.301601601602
3230.0	0.2996996997
3240.0	0.297797797798
3250.0	0.295895895896
3260.0	0.295895895896
3270.0	0.293993993994
3280.0	0.292092092092
3290.0	0.29019019019
3300.0	0.288288288288
3310.0	0.286386386386
3320.0	0.284484484484
3330.0	0.282582582583
3340.0	0.280680680681
3350.0	0.278778778779
3360.0	0.276876876877
3370.0	0.276876876877
3380.0	0.274974974975
3390.0	0.273073073073
3400.0	0.271171171171
3410.0	0.269269269269
3420.0	0.267367367367
3430.0	0.265465465465
3440.0	0.263563563564
3450.0	0.261661661662
3460.0	0.25975975976
3470.0	0.25975975976
3480.0	0.257857857858
3490.0	0.255955955956
3500.0	0.254054054054
3510.0	0.255955955956
3520.0	0.255955955956
3530.0	0.257857857858
3540.0	0.25975975976
3550.0	0.25975975976
3560.0	0.261661661662
3570.0	0.263563563564
3580.0	0.265465465465
3590.0	0.265465465465
3600.0	0.267367367367
3610.0	0.269269269269
3620.0	0.271171171171
3630.0	0.271171171171
3640.0	0.273073073073
3650.0	0.274974974975
3660.0	0.274974974975
3670.0	0.276876876877
3680.0	0.278778778779
3690.0	0.280680680681
3700.0	0.280680680681
3710.0	0.282582582583
3720.0	0.284484484484
3730.0	0.286386386386
3740.0	0.286386386386
3750.0	0.288288288288
3760.0	0.29019019019
3770.0	0.29019019019
3780.0	0.292092092092
3790.0	0.293993993994
3800.0	0.295895895896
3810.0	0.295895895896
3820.0	0.297797797798
3830.0	0.2996996997
3840.0	0.301601601602
3850.0	0.301601601602
3860.0	0.303503503504
3870.0	0.305405405405
3880.0	0.307307307307
3890.0	0.307307307307
3900.0	0.309209209209
3910.0	0.311111111111
3920.0	0.311111111111
3930.0	0.313013013013
3940.0	0.314914914915
3950.0	0.316816816817
3960.0	0.316816816817
3970.0	0.318718718719
3980.0	0.320620620621
3990.0	0.322522522523
4000.0	0.322522522523
4010.0	0.324424424424
4020.0	0.326326326326
4030.0	0.328228228228
4040.0	0.33013013013
4050.0	0.332032032032
4060.0	0.333933933934
4070.0	0.335835835836
4080.0	0.335835835836
4090.0	0.337737737738
4100.0	0.33963963964
4110.0	0.341541541542
4120.0	0.343443443443
4130.0	0.345345345345
4140.0	0.347247247247
4150.0	0.349149149149
4160.0	0.351051051051
4170.0	0.352952952953
4180.0	0.354854854855
4190.0	0.354854854855
4200.0	0.356756756757
4210.0	0.358658658659
4220.0	0.360560560561
4230.0	0.362462462462
4240.0	0.364364364364
4250.0	0.366266266266
4260.0	0.368168168168
4270.0	0.37007007007
4280.0	0.371971971972
4290.0	0.371971971972
4300.0	0.373873873874
4310.0	0.375775775776
4320.0	0.377677677678
4330.0	0.37957957958
4340.0	0.381481481481
4350.0	0.383383383383
4360.0	0.385285285285
4370.0	0.387187187187
4380.0	0.389089089089
4390.0	0.389089089089
4400.0	0.390990990991
4410.0	0.392892892893
4420.0	0.394794794795
4430.0	0.396696696697
4440.0	0.398598598599
4450.0	0.400500500501
4460.0	0.402402402402
4470.0	0.404304304304
4480.0	0.404304304304
4490.0	0.406206206206
4500.0	0.408108108108
4510.0	0.411911911912
4520.0	0.413813813814
4530.0	0.417617617618
4540.0	0.421421421421
4550.0	0.423323323323
4560.0	0.427127127127
4570.0	0.429029029029
4580.0	0.432832832833
4590.0	0.436636636637
4600.0	0.438538538539
4610.0	0.442342342342
4620.0	0.444244244244
4630.0	0.448048048048
4640.0	0.451851851852
4650.0	0.453753753754
4660.0	0.457557557558
4670.0	0.459459459459
4680.0	0.463263263263
4690.0	0.467067067067
4700.0	0.468968968969
4710.0	0.472772772773
4720.0	0.474674674675
4730.0	0.478478478478
4740.0	0.482282282282
4750.0	0.484184184184
4760.0	0.487987987988
4770.0	0.48988988989
4780.0	0.493693693694
4790.0	0.495595595596
4800.0	0.499399399399
4810.0	0.503203203203
4820.0	0.505105105105
4830.0	0.508908908909
4840.0	0.510810810811
4850.0	0.514614614615
4860.0	0.518418418418
4870.0	0.52032032032
4880.0	0.524124124124
4890.0	0.526026026026
4900.0	0.52982982983
4910.0	0.531731731732
4920.0	0.535535535536
4930.0	0.539339339339
4940.0	0.541241241241
4950.0	0.545045045045
4960.0	0.546946946947
4970.0	0.550750750751
4980.0	0.554554554555
4990.0	0.556456456456
5000.0	0.56026026026
5010.0	0.567867867868
5020.0	0.577377377377
5030.0	0.584984984985
5040.0	0.592592592593
5050.0	0.602102102102
5060.0	0.60970970971
5070.0	0.619219219219
5080.0	0.626826826827
5090.0	0.636336336336
5100.0	0.643943943944
5110.0	0.651551551552
5120.0	0.661061061061
5130.0	0.668668668669
5140.0	0.678178178178
5150.0	0.685785785786
5160.0	0.693393393393
5170.0	0.702902902903
5180.0	0.710510510511
5190.0	0.72002002002
5200.0	0.727627627628
5210.0	0.735235235235
5220.0	0.744744744745
5230.0	0.752352352352
5240.0	0.761861861862
5250.0	0.769469469469
5260.0	0.777077077077
5270.0	0.786586586587
5280.0	0.794194194194
5290.0	0.801801801802
5300.0	0.811311311311
5310.0	0.818918918919
5320.0	0.828428428428
5330.0	0.836036036036
5340.0	0.843643643644
5350.0	0.853153153153
5360.0	0.860760760761
5370.0	0.868368368368
5380.0	0.877877877878
5390.0	0.885485485485
5400.0	0.893093093093
5410.0	0.902602602603
5420.0	0.91021021021
5430.0	0.917817817818
5440.0	0.927327327327
5450.0	0.934934934935
5460.0	0.942542542543
5470.0	0.952052052052
5480.0	0.95965965966
5490.0	0.967267267267
5500.0	0.976776776777
5510.0	0.984384384384
5520.0	0.991991991992
5530.0	1.0015015015
5540.0	1.00910910911
5550.0	1.01671671672
5560.0	1.02622622623
5570.0	1.03383383383
5580.0	1.04144144144
5590.0	1.05095095095
5600.0	1.05855855856
5610.0	1.06616616617
5620.0	1.07567567568
5630.0	1.08328328328
5640.0	1.09089089089
5650.0	1.0984984985
5660.0	1.10800800801
5670.0	1.11561561562
5680.0	1.12322322322
5690.0	1.13273273273
5700.0	1.14034034034
5710.0	1.14794794795
5720.0	1.15745745746
5730.0	1.16506506507
5740.0	1.17267267267
5750.0	1.18218218218
5760.0	1.18978978979
5770.0	1.1973973974
5780.0	1.20500500501
5790.0	1.21451451451
5800.0	1.22212212212
5810.0	1.22972972973
5820.0	1.23923923924
5830.0	1.24684684685
5840.0	1.25445445445
5850.0	1.26206206206
5860.0	1.27157157157
5870.0	1.27917917918
5880.0	1.28678678679
5890.0	1.2962962963
5900.0	1.3039039039
5910.0	1.31151151151
5920.0	1.31911911912
5930.0	1.32862862863
5940.0	1.33623623624
5950.0	1.34384384384
5960.0	1.35335335335
5970.0	1.36096096096
5980.0	1.36856856857
5990.0	1.37617617618
6000.0	1.38568568569
